60
60
10 24
10 25
10 26
16 41
16 42
17 29
17 41
17 42
18 27
18 28
18 30
19 27
19 29
19 30
19 31
20 26
20 27
20 30
20 31
21 27
21 30
21 31
22 28
22 30
23 21
23 22
23 23
23 28
23 29
23 30
24 21
24 24
25 21
25 23
25 24
26 13
26 14
26 22
26 23
26 24
27 12
27 15
28 13
28 14
31 13
31 14
32 12
32 15
33 13
33 14
38 30
39 25
39 29
39 31
39 35
39 36
39 37
40 24
40 32
40 35
40 36
40 38
41 25
41 26
41 32
42 31
42 32
42 33
42 37
42 39
43 32
43 33
43 39
44 29
44 31
44 35
44 38
44 40
45 20
45 21
45 35
45 36
45 37
45 39
45 40
45 41
46 20
46 22
46 32
46 34
46 35
46 38
46 41
47 21
47 31
47 33
47 34
47 35
47 37
47 39
47 40
47 41
48 31
48 34
48 36
48 39
48 40
49 32
49 33
49 35
49 36
49 37
49 38
49 39
50 33
50 34
50 38
51 26
52 25
52 27
53 24
53 27
54 25
54 26
